Mensagem enviada:     []
Mensagem recebida: [[1030, 1169, 971, 808, 898, 785, 1445, 1318, 820, 786], [1215, 1077, 1129, 1040, 1101, 769, 1688, 1269, 1040, 653], [996, 1148, 1181, 1023, 1045, 678, 1663, 1196, 1150, 758], [847, 918, 1013, 849, 787, 755, 1365, 1196, 1094, 789], [541, 728, 536, 768, 694, 742, 939, 869, 686, 749], [566, 608, 457, 511, 476, 551, 794, 901, 442, 611], [1041, 1178, 1071, 811, 907, 956, 1594, 1343, 1001, 928], [1063, 1062, 791, 1227, 1017, 742, 1396, 1434, 831, 910], [637, 654, 740, 818, 763, 793, 1283, 919, 834, 722], [831, 979, 908, 1130, 1030, 708, 1464, 1252, 974, 895]]
Mensagem enviada:     []
Mensagem recebida: [[1030, 1169, 971, 808, 898, 785, 1445, 1318, 820, 786], [1215, 1077, 1129, 1040, 1101, 769, 1688, 1269, 1040, 653], [996, 1148, 1181, 1023, 1045, 678, 1663, 1196, 1150, 758], [847, 918, 1013, 849, 787, 755, 1365, 1196, 1094, 789], [541, 728, 536, 768, 694, 742, 939, 869, 686, 749], [566, 608, 457, 511, 476, 551, 794, 901, 442, 611], [1041, 1178, 1071, 811, 907, 956, 1594, 1343, 1001, 928], [1063, 1062, 791, 1227, 1017, 742, 1396, 1434, 831, 910], [637, 654, 740, 818, 763, 793, 1283, 919, 834, 722], [831, 979, 908, 1130, 1030, 708, 1464, 1252, 974, 895]]
Mensagem enviada:     []
Mensagem recebida: [[1030, 1169, 971, 808, 898, 785, 1445, 1318, 820, 786], [1215, 1077, 1129, 1040, 1101, 769, 1688, 1269, 1040, 653], [996, 1148, 1181, 1023, 1045, 678, 1663, 1196, 1150, 758], [847, 918, 1013, 849, 787, 755, 1365, 1196, 1094, 789], [541, 728, 536, 768, 694, 742, 939, 869, 686, 749], [566, 608, 457, 511, 476, 551, 794, 901, 442, 611], [1041, 1178, 1071, 811, 907, 956, 1594, 1343, 1001, 928], [1063, 1062, 791, 1227, 1017, 742, 1396, 1434, 831, 910], [637, 654, 740, 818, 763, 793, 1283, 919, 834, 722], [831, 979, 908, 1130, 1030, 708, 1464, 1252, 974, 895]]
Mensagem enviada:     []
Mensagem recebida: [[1030, 1169, 971, 808, 898, 785, 1445, 1318, 820, 786], [1215, 1077, 1129, 1040, 1101, 769, 1688, 1269, 1040, 653], [996, 1148, 1181, 1023, 1045, 678, 1663, 1196, 1150, 758], [847, 918, 1013, 849, 787, 755, 1365, 1196, 1094, 789], [541, 728, 536, 768, 694, 742, 939, 869, 686, 749], [566, 608, 457, 511, 476, 551, 794, 901, 442, 611], [1041, 1178, 1071, 811, 907, 956, 1594, 1343, 1001, 928], [1063, 1062, 791, 1227, 1017, 742, 1396, 1434, 831, 910], [637, 654, 740, 818, 763, 793, 1283, 919, 834, 722], [831, 979, 908, 1130, 1030, 708, 1464, 1252, 974, 895]]
Mensagem enviada:     []
Mensagem recebida: [[1030, 1169, 971, 808, 898, 785, 1445, 1318, 820, 786], [1215, 1077, 1129, 1040, 1101, 769, 1688, 1269, 1040, 653], [996, 1148, 1181, 1023, 1045, 678, 1663, 1196, 1150, 758], [847, 918, 1013, 849, 787, 755, 1365, 1196, 1094, 789], [541, 728, 536, 768, 694, 742, 939, 869, 686, 749], [566, 608, 457, 511, 476, 551, 794, 901, 442, 611], [1041, 1178, 1071, 811, 907, 956, 1594, 1343, 1001, 928], [1063, 1062, 791, 1227, 1017, 742, 1396, 1434, 831, 910], [637, 654, 740, 818, 763, 793, 1283, 919, 834, 722], [831, 979, 908, 1130, 1030, 708, 1464, 1252, 974, 895]]
Mensagem enviada:     []
Mensagem recebida: [[1030, 1169, 971, 808, 898, 785, 1445, 1318, 820, 786], [1215, 1077, 1129, 1040, 1101, 769, 1688, 1269, 1040, 653], [996, 1148, 1181, 1023, 1045, 678, 1663, 1196, 1150, 758], [847, 918, 1013, 849, 787, 755, 1365, 1196, 1094, 789], [541, 728, 536, 768, 694, 742, 939, 869, 686, 749], [566, 608, 457, 511, 476, 551, 794, 901, 442, 611], [1041, 1178, 1071, 811, 907, 956, 1594, 1343, 1001, 928], [1063, 1062, 791, 1227, 1017, 742, 1396, 1434, 831, 910], [637, 654, 740, 818, 763, 793, 1283, 919, 834, 722], [831, 979, 908, 1130, 1030, 708, 1464, 1252, 974, 895]]
Mensagem enviada:     []
Mensagem recebida: [[1030, 1169, 971, 808, 898, 785, 1445, 1318, 820, 786], [1215, 1077, 1129, 1040, 1101, 769, 1688, 1269, 1040, 653], [996, 1148, 1181, 1023, 1045, 678, 1663, 1196, 1150, 758], [847, 918, 1013, 849, 787, 755, 1365, 1196, 1094, 789], [541, 728, 536, 768, 694, 742, 939, 869, 686, 749], [566, 608, 457, 511, 476, 551, 794, 901, 442, 611], [1041, 1178, 1071, 811, 907, 956, 1594, 1343, 1001, 928], [1063, 1062, 791, 1227, 1017, 742, 1396, 1434, 831, 910], [637, 654, 740, 818, 763, 793, 1283, 919, 834, 722], [831, 979, 908, 1130, 1030, 708, 1464, 1252, 974, 895]]
Mensagem enviada:     []
Mensagem recebida: [[1030, 1169, 971, 808, 898, 785, 1445, 1318, 820, 786], [1215, 1077, 1129, 1040, 1101, 769, 1688, 1269, 1040, 653], [996, 1148, 1181, 1023, 1045, 678, 1663, 1196, 1150, 758], [847, 918, 1013, 849, 787, 755, 1365, 1196, 1094, 789], [541, 728, 536, 768, 694, 742, 939, 869, 686, 749], [566, 608, 457, 511, 476, 551, 794, 901, 442, 611], [1041, 1178, 1071, 811, 907, 956, 1594, 1343, 1001, 928], [1063, 1062, 791, 1227, 1017, 742, 1396, 1434, 831, 910], [637, 654, 740, 818, 763, 793, 1283, 919, 834, 722], [831, 979, 908, 1130, 1030, 708, 1464, 1252, 974, 895]]
Mensagem enviada:     []
Mensagem recebida: [[1030, 1169, 971, 808, 898, 785, 1445, 1318, 820, 786], [1215, 1077, 1129, 1040, 1101, 769, 1688, 1269, 1040, 653], [996, 1148, 1181, 1023, 1045, 678, 1663, 1196, 1150, 758], [847, 918, 1013, 849, 787, 755, 1365, 1196, 1094, 789], [541, 728, 536, 768, 694, 742, 939, 869, 686, 749], [566, 608, 457, 511, 476, 551, 794, 901, 442, 611], [1041, 1178, 1071, 811, 907, 956, 1594, 1343, 1001, 928], [1063, 1062, 791, 1227, 1017, 742, 1396, 1434, 831, 910], [637, 654, 740, 818, 763, 793, 1283, 919, 834, 722], [831, 979, 908, 1130, 1030, 708, 1464, 1252, 974, 895]]
Mensagem enviada:     []
Mensagem recebida: [[1030, 1169, 971, 808, 898, 785, 1445, 1318, 820, 786], [1215, 1077, 1129, 1040, 1101, 769, 1688, 1269, 1040, 653], [996, 1148, 1181, 1023, 1045, 678, 1663, 1196, 1150, 758], [847, 918, 1013, 849, 787, 755, 1365, 1196, 1094, 789], [541, 728, 536, 768, 694, 742, 939, 869, 686, 749], [566, 608, 457, 511, 476, 551, 794, 901, 442, 611], [1041, 1178, 1071, 811, 907, 956, 1594, 1343, 1001, 928], [1063, 1062, 791, 1227, 1017, 742, 1396, 1434, 831, 910], [637, 654, 740, 818, 763, 793, 1283, 919, 834, 722], [831, 979, 908, 1130, 1030, 708, 1464, 1252, 974, 895]]
Mensagem enviada:     []
Mensagem recebida: [[1030, 1169, 971, 808, 898, 785, 1445, 1318, 820, 786], [1215, 1077, 1129, 1040, 1101, 769, 1688, 1269, 1040, 653], [996, 1148, 1181, 1023, 1045, 678, 1663, 1196, 1150, 758], [847, 918, 1013, 849, 787, 755, 1365, 1196, 1094, 789], [541, 728, 536, 768, 694, 742, 939, 869, 686, 749], [566, 608, 457, 511, 476, 551, 794, 901, 442, 611], [1041, 1178, 1071, 811, 907, 956, 1594, 1343, 1001, 928], [1063, 1062, 791, 1227, 1017, 742, 1396, 1434, 831, 910], [637, 654, 740, 818, 763, 793, 1283, 919, 834, 722], [831, 979, 908, 1130, 1030, 708, 1464, 1252, 974, 895]]
Mensagem enviada:     []
Mensagem recebida: [[1030, 1169, 971, 808, 898, 785, 1445, 1318, 820, 786], [1215, 1077, 1129, 1040, 1101, 769, 1688, 1269, 1040, 653], [996, 1148, 1181, 1023, 1045, 678, 1663, 1196, 1150, 758], [847, 918, 1013, 849, 787, 755, 1365, 1196, 1094, 789], [541, 728, 536, 768, 694, 742, 939, 869, 686, 749], [566, 608, 457, 511, 476, 551, 794, 901, 442, 611], [1041, 1178, 1071, 811, 907, 956, 1594, 1343, 1001, 928], [1063, 1062, 791, 1227, 1017, 742, 1396, 1434, 831, 910], [637, 654, 740, 818, 763, 793, 1283, 919, 834, 722], [831, 979, 908, 1130, 1030, 708, 1464, 1252, 974, 895]]
Mensagem enviada:     []
Mensagem recebida: [[1030, 1169, 971, 808, 898, 785, 1445, 1318, 820, 786], [1215, 1077, 1129, 1040, 1101, 769, 1688, 1269, 1040, 653], [996, 1148, 1181, 1023, 1045, 678, 1663, 1196, 1150, 758], [847, 918, 1013, 849, 787, 755, 1365, 1196, 1094, 789], [541, 728, 536, 768, 694, 742, 939, 869, 686, 749], [566, 608, 457, 511, 476, 551, 794, 901, 442, 611], [1041, 1178, 1071, 811, 907, 956, 1594, 1343, 1001, 928], [1063, 1062, 791, 1227, 1017, 742, 1396, 1434, 831, 910], [637, 654, 740, 818, 763, 793, 1283, 919, 834, 722], [831, 979, 908, 1130, 1030, 708, 1464, 1252, 974, 895]]
Mensagem enviada:     []
Mensagem recebida: [[1030, 1169, 971, 808, 898, 785, 1445, 1318, 820, 786], [1215, 1077, 1129, 1040, 1101, 769, 1688, 1269, 1040, 653], [996, 1148, 1181, 1023, 1045, 678, 1663, 1196, 1150, 758], [847, 918, 1013, 849, 787, 755, 1365, 1196, 1094, 789], [541, 728, 536, 768, 694, 742, 939, 869, 686, 749], [566, 608, 457, 511, 476, 551, 794, 901, 442, 611], [1041, 1178, 1071, 811, 907, 956, 1594, 1343, 1001, 928], [1063, 1062, 791, 1227, 1017, 742, 1396, 1434, 831, 910], [637, 654, 740, 818, 763, 793, 1283, 919, 834, 722], [831, 979, 908, 1130, 1030, 708, 1464, 1252, 974, 895]]
Mensagem enviada:     []
Mensagem recebida: [[1030, 1169, 971, 808, 898, 785, 1445, 1318, 820, 786], [1215, 1077, 1129, 1040, 1101, 769, 1688, 1269, 1040, 653], [996, 1148, 1181, 1023, 1045, 678, 1663, 1196, 1150, 758], [847, 918, 1013, 849, 787, 755, 1365, 1196, 1094, 789], [541, 728, 536, 768, 694, 742, 939, 869, 686, 749], [566, 608, 457, 511, 476, 551, 794, 901, 442, 611], [1041, 1178, 1071, 811, 907, 956, 1594, 1343, 1001, 928], [1063, 1062, 791, 1227, 1017, 742, 1396, 1434, 831, 910], [637, 654, 740, 818, 763, 793, 1283, 919, 834, 722], [831, 979, 908, 1130, 1030, 708, 1464, 1252, 974, 895]]
Mensagem enviada:     []
Mensagem recebida: [[1030, 1169, 971, 808, 898, 785, 1445, 1318, 820, 786], [1215, 1077, 1129, 1040, 1101, 769, 1688, 1269, 1040, 653], [996, 1148, 1181, 1023, 1045, 678, 1663, 1196, 1150, 758], [847, 918, 1013, 849, 787, 755, 1365, 1196, 1094, 789], [541, 728, 536, 768, 694, 742, 939, 869, 686, 749], [566, 608, 457, 511, 476, 551, 794, 901, 442, 611], [1041, 1178, 1071, 811, 907, 956, 1594, 1343, 1001, 928], [1063, 1062, 791, 1227, 1017, 742, 1396, 1434, 831, 910], [637, 654, 740, 818, 763, 793, 1283, 919, 834, 722], [831, 979, 908, 1130, 1030, 708, 1464, 1252, 974, 895]]
Mensagem enviada:     []
Mensagem recebida: [[1030, 1169, 971, 808, 898, 785, 1445, 1318, 820, 786], [1215, 1077, 1129, 1040, 1101, 769, 1688, 1269, 1040, 653], [996, 1148, 1181, 1023, 1045, 678, 1663, 1196, 1150, 758], [847, 918, 1013, 849, 787, 755, 1365, 1196, 1094, 789], [541, 728, 536, 768, 694, 742, 939, 869, 686, 749], [566, 608, 457, 511, 476, 551, 794, 901, 442, 611], [1041, 1178, 1071, 811, 907, 956, 1594, 1343, 1001, 928], [1063, 1062, 791, 1227, 1017, 742, 1396, 1434, 831, 910], [637, 654, 740, 818, 763, 793, 1283, 919, 834, 722], [831, 979, 908, 1130, 1030, 708, 1464, 1252, 974, 895]]
Mensagem enviada:     []
Mensagem recebida: [[1030, 1169, 971, 808, 898, 785, 1445, 1318, 820, 786], [1215, 1077, 1129, 1040, 1101, 769, 1688, 1269, 1040, 653], [996, 1148, 1181, 1023, 1045, 678, 1663, 1196, 1150, 758], [847, 918, 1013, 849, 787, 755, 1365, 1196, 1094, 789], [541, 728, 536, 768, 694, 742, 939, 869, 686, 749], [566, 608, 457, 511, 476, 551, 794, 901, 442, 611], [1041, 1178, 1071, 811, 907, 956, 1594, 1343, 1001, 928], [1063, 1062, 791, 1227, 1017, 742, 1396, 1434, 831, 910], [637, 654, 740, 818, 763, 793, 1283, 919, 834, 722], [831, 979, 908, 1130, 1030, 708, 1464, 1252, 974, 895]]
Mensagem enviada:     []
Mensagem recebida: [[1030, 1169, 971, 808, 898, 785, 1445, 1318, 820, 786], [1215, 1077, 1129, 1040, 1101, 769, 1688, 1269, 1040, 653], [996, 1148, 1181, 1023, 1045, 678, 1663, 1196, 1150, 758], [847, 918, 1013, 849, 787, 755, 1365, 1196, 1094, 789], [541, 728, 536, 768, 694, 742, 939, 869, 686, 749], [566, 608, 457, 511, 476, 551, 794, 901, 442, 611], [1041, 1178, 1071, 811, 907, 956, 1594, 1343, 1001, 928], [1063, 1062, 791, 1227, 1017, 742, 1396, 1434, 831, 910], [637, 654, 740, 818, 763, 793, 1283, 919, 834, 722], [831, 979, 908, 1130, 1030, 708, 1464, 1252, 974, 895]]
Mensagem enviada:     []
Mensagem recebida: [[1030, 1169, 971, 808, 898, 785, 1445, 1318, 820, 786], [1215, 1077, 1129, 1040, 1101, 769, 1688, 1269, 1040, 653], [996, 1148, 1181, 1023, 1045, 678, 1663, 1196, 1150, 758], [847, 918, 1013, 849, 787, 755, 1365, 1196, 1094, 789], [541, 728, 536, 768, 694, 742, 939, 869, 686, 749], [566, 608, 457, 511, 476, 551, 794, 901, 442, 611], [1041, 1178, 1071, 811, 907, 956, 1594, 1343, 1001, 928], [1063, 1062, 791, 1227, 1017, 742, 1396, 1434, 831, 910], [637, 654, 740, 818, 763, 793, 1283, 919, 834, 722], [831, 979, 908, 1130, 1030, 708, 1464, 1252, 974, 895]]
Mensagem enviada:     []
Mensagem recebida: [[1030, 1169, 971, 808, 898, 785, 1445, 1318, 820, 786], [1215, 1077, 1129, 1040, 1101, 769, 1688, 1269, 1040, 653], [996, 1148, 1181, 1023, 1045, 678, 1663, 1196, 1150, 758], [847, 918, 1013, 849, 787, 755, 1365, 1196, 1094, 789], [541, 728, 536, 768, 694, 742, 939, 869, 686, 749], [566, 608, 457, 511, 476, 551, 794, 901, 442, 611], [1041, 1178, 1071, 811, 907, 956, 1594, 1343, 1001, 928], [1063, 1062, 791, 1227, 1017, 742, 1396, 1434, 831, 910], [637, 654, 740, 818, 763, 793, 1283, 919, 834, 722], [831, 979, 908, 1130, 1030, 708, 1464, 1252, 974, 895]]
Mensagem enviada:     []
Mensagem recebida: [[1030, 1169, 971, 808, 898, 785, 1445, 1318, 820, 786], [1215, 1077, 1129, 1040, 1101, 769, 1688, 1269, 1040, 653], [996, 1148, 1181, 1023, 1045, 678, 1663, 1196, 1150, 758], [847, 918, 1013, 849, 787, 755, 1365, 1196, 1094, 789], [541, 728, 536, 768, 694, 742, 939, 869, 686, 749], [566, 608, 457, 511, 476, 551, 794, 901, 442, 611], [1041, 1178, 1071, 811, 907, 956, 1594, 1343, 1001, 928], [1063, 1062, 791, 1227, 1017, 742, 1396, 1434, 831, 910], [637, 654, 740, 818, 763, 793, 1283, 919, 834, 722], [831, 979, 908, 1130, 1030, 708, 1464, 1252, 974, 895]]
Mensagem enviada:     []
Mensagem recebida: [[1030, 1169, 971, 808, 898, 785, 1445, 1318, 820, 786], [1215, 1077, 1129, 1040, 1101, 769, 1688, 1269, 1040, 653], [996, 1148, 1181, 1023, 1045, 678, 1663, 1196, 1150, 758], [847, 918, 1013, 849, 787, 755, 1365, 1196, 1094, 789], [541, 728, 536, 768, 694, 742, 939, 869, 686, 749], [566, 608, 457, 511, 476, 551, 794, 901, 442, 611], [1041, 1178, 1071, 811, 907, 956, 1594, 1343, 1001, 928], [1063, 1062, 791, 1227, 1017, 742, 1396, 1434, 831, 910], [637, 654, 740, 818, 763, 793, 1283, 919, 834, 722], [831, 979, 908, 1130, 1030, 708, 1464, 1252, 974, 895]]
Mensagem enviada:     []
Mensagem recebida: [[1030, 1169, 971, 808, 898, 785, 1445, 1318, 820, 786], [1215, 1077, 1129, 1040, 1101, 769, 1688, 1269, 1040, 653], [996, 1148, 1181, 1023, 1045, 678, 1663, 1196, 1150, 758], [847, 918, 1013, 849, 787, 755, 1365, 1196, 1094, 789], [541, 728, 536, 768, 694, 742, 939, 869, 686, 749], [566, 608, 457, 511, 476, 551, 794, 901, 442, 611], [1041, 1178, 1071, 811, 907, 956, 1594, 1343, 1001, 928], [1063, 1062, 791, 1227, 1017, 742, 1396, 1434, 831, 910], [637, 654, 740, 818, 763, 793, 1283, 919, 834, 722], [831, 979, 908, 1130, 1030, 708, 1464, 1252, 974, 895]]
Mensagem enviada:     []
Mensagem recebida: [[1030, 1169, 971, 808, 898, 785, 1445, 1318, 820, 786], [1215, 1077, 1129, 1040, 1101, 769, 1688, 1269, 1040, 653], [996, 1148, 1181, 1023, 1045, 678, 1663, 1196, 1150, 758], [847, 918, 1013, 849, 787, 755, 1365, 1196, 1094, 789], [541, 728, 536, 768, 694, 742, 939, 869, 686, 749], [566, 608, 457, 511, 476, 551, 794, 901, 442, 611], [1041, 1178, 1071, 811, 907, 956, 1594, 1343, 1001, 928], [1063, 1062, 791, 1227, 1017, 742, 1396, 1434, 831, 910], [637, 654, 740, 818, 763, 793, 1283, 919, 834, 722], [831, 979, 908, 1130, 1030, 708, 1464, 1252, 974, 895]]
Mensagem enviada:     []
Mensagem recebida: [[1030, 1169, 971, 808, 898, 785, 1445, 1318, 820, 786], [1215, 1077, 1129, 1040, 1101, 769, 1688, 1269, 1040, 653], [996, 1148, 1181, 1023, 1045, 678, 1663, 1196, 1150, 758], [847, 918, 1013, 849, 787, 755, 1365, 1196, 1094, 789], [541, 728, 536, 768, 694, 742, 939, 869, 686, 749], [566, 608, 457, 511, 476, 551, 794, 901, 442, 611], [1041, 1178, 1071, 811, 907, 956, 1594, 1343, 1001, 928], [1063, 1062, 791, 1227, 1017, 742, 1396, 1434, 831, 910], [637, 654, 740, 818, 763, 793, 1283, 919, 834, 722], [831, 979, 908, 1130, 1030, 708, 1464, 1252, 974, 895]]
Mensagem enviada:     []
Mensagem recebida: [[1030, 1169, 971, 808, 898, 785, 1445, 1318, 820, 786], [1215, 1077, 1129, 1040, 1101, 769, 1688, 1269, 1040, 653], [996, 1148, 1181, 1023, 1045, 678, 1663, 1196, 1150, 758], [847, 918, 1013, 849, 787, 755, 1365, 1196, 1094, 789], [541, 728, 536, 768, 694, 742, 939, 869, 686, 749], [566, 608, 457, 511, 476, 551, 794, 901, 442, 611], [1041, 1178, 1071, 811, 907, 956, 1594, 1343, 1001, 928], [1063, 1062, 791, 1227, 1017, 742, 1396, 1434, 831, 910], [637, 654, 740, 818, 763, 793, 1283, 919, 834, 722], [831, 979, 908, 1130, 1030, 708, 1464, 1252, 974, 895]]
Mensagem enviada:     []
Mensagem recebida: [[1030, 1169, 971, 808, 898, 785, 1445, 1318, 820, 786], [1215, 1077, 1129, 1040, 1101, 769, 1688, 1269, 1040, 653], [996, 1148, 1181, 1023, 1045, 678, 1663, 1196, 1150, 758], [847, 918, 1013, 849, 787, 755, 1365, 1196, 1094, 789], [541, 728, 536, 768, 694, 742, 939, 869, 686, 749], [566, 608, 457, 511, 476, 551, 794, 901, 442, 611], [1041, 1178, 1071, 811, 907, 956, 1594, 1343, 1001, 928], [1063, 1062, 791, 1227, 1017, 742, 1396, 1434, 831, 910], [637, 654, 740, 818, 763, 793, 1283, 919, 834, 722], [831, 979, 908, 1130, 1030, 708, 1464, 1252, 974, 895]]
Mensagem enviada:     []
Mensagem recebida: [[1030, 1169, 971, 808, 898, 785, 1445, 1318, 820, 786], [1215, 1077, 1129, 1040, 1101, 769, 1688, 1269, 1040, 653], [996, 1148, 1181, 1023, 1045, 678, 1663, 1196, 1150, 758], [847, 918, 1013, 849, 787, 755, 1365, 1196, 1094, 789], [541, 728, 536, 768, 694, 742, 939, 869, 686, 749], [566, 608, 457, 511, 476, 551, 794, 901, 442, 611], [1041, 1178, 1071, 811, 907, 956, 1594, 1343, 1001, 928], [1063, 1062, 791, 1227, 1017, 742, 1396, 1434, 831, 910], [637, 654, 740, 818, 763, 793, 1283, 919, 834, 722], [831, 979, 908, 1130, 1030, 708, 1464, 1252, 974, 895]]
tempo de processamento = 2.0126888751983643