matriz1:  [[19, 13, 1, 18, 13, 6, 6, 7, 13, 7], [19, 11, 11, 13, 19, 17, 7, 3, 1, 10], [11, 15, 8, 18, 13, 12, 15, 2, 3, 12], [8, 20, 10, 9, 4, 7, 17, 19, 7, 3], [10, 10, 1, 2, 7, 1, 13, 14, 7, 14], [6, 1, 4, 9, 3, 4, 6, 14, 11, 5], [14, 17, 8, 4, 13, 16, 3, 13, 19, 8], [20, 3, 10, 17, 4, 5, 13, 12, 6, 15], [1, 7, 13, 1, 16, 8, 15, 13, 6, 10], [2, 9, 19, 16, 6, 4, 14, 13, 4, 18]]
matriz2:  [[20, 11, 3, 19, 11, 7, 11, 18, 3, 6], [4, 14, 19, 1, 8, 4, 13, 3, 19, 3], [12, 4, 8, 20, 11, 1, 19, 14, 7, 6], [15, 17, 16, 5, 11, 1, 17, 20, 8, 5], [8, 3, 8, 1, 10, 16, 18, 6, 3, 1], [15, 11, 19, 3, 7, 4, 19, 10, 19, 4], [1, 5, 9, 18, 5, 5, 17, 7, 17, 12], [9, 1, 1, 1, 5, 17, 2, 17, 4, 8], [3, 17, 6, 4, 1, 10, 16, 16, 2, 20], [2, 15, 2, 18, 18, 10, 10, 8, 8, 16]]
Matriz multiplicada:  [[1030, 1169, 971, 808, 898, 785, 1445, 1318, 820, 786], [1215, 1077, 1129, 1040, 1101, 769, 1688, 1269, 1040, 653], [996, 1148, 1181, 1023, 1045, 678, 1663, 1196, 1150, 758], [847, 918, 1013, 849, 787, 755, 1365, 1196, 1094, 789], [541, 728, 536, 768, 694, 742, 939, 869, 686, 749], [566, 608, 457, 511, 476, 551, 794, 901, 442, 611], [1041, 1178, 1071, 811, 907, 956, 1594, 1343, 1001, 928], [1063, 1062, 791, 1227, 1017, 742, 1396, 1434, 831, 910], [637, 654, 740, 818, 763, 793, 1283, 919, 834, 722], [831, 979, 908, 1130, 1030, 708, 1464, 1252, 974, 895]]
760
matriz1:  [[19, 13, 1, 18, 13, 6, 6, 7, 13, 7], [19, 11, 11, 13, 19, 17, 7, 3, 1, 10], [11, 15, 8, 18, 13, 12, 15, 2, 3, 12], [8, 20, 10, 9, 4, 7, 17, 19, 7, 3], [10, 10, 1, 2, 7, 1, 13, 14, 7, 14], [6, 1, 4, 9, 3, 4, 6, 14, 11, 5], [14, 17, 8, 4, 13, 16, 3, 13, 19, 8], [20, 3, 10, 17, 4, 5, 13, 12, 6, 15], [1, 7, 13, 1, 16, 8, 15, 13, 6, 10], [2, 9, 19, 16, 6, 4, 14, 13, 4, 18]]
matriz2:  [[20, 11, 3, 19, 11, 7, 11, 18, 3, 6], [4, 14, 19, 1, 8, 4, 13, 3, 19, 3], [12, 4, 8, 20, 11, 1, 19, 14, 7, 6], [15, 17, 16, 5, 11, 1, 17, 20, 8, 5], [8, 3, 8, 1, 10, 16, 18, 6, 3, 1], [15, 11, 19, 3, 7, 4, 19, 10, 19, 4], [1, 5, 9, 18, 5, 5, 17, 7, 17, 12], [9, 1, 1, 1, 5, 17, 2, 17, 4, 8], [3, 17, 6, 4, 1, 10, 16, 16, 2, 20], [2, 15, 2, 18, 18, 10, 10, 8, 8, 16]]
Matriz multiplicada:  [[1030, 1169, 971, 808, 898, 785, 1445, 1318, 820, 786], [1215, 1077, 1129, 1040, 1101, 769, 1688, 1269, 1040, 653], [996, 1148, 1181, 1023, 1045, 678, 1663, 1196, 1150, 758], [847, 918, 1013, 849, 787, 755, 1365, 1196, 1094, 789], [541, 728, 536, 768, 694, 742, 939, 869, 686, 749], [566, 608, 457, 511, 476, 551, 794, 901, 442, 611], [1041, 1178, 1071, 811, 907, 956, 1594, 1343, 1001, 928], [1063, 1062, 791, 1227, 1017, 742, 1396, 1434, 831, 910], [637, 654, 740, 818, 763, 793, 1283, 919, 834, 722], [831, 979, 908, 1130, 1030, 708, 1464, 1252, 974, 895]]
760
matriz1:  [[19, 13, 1, 18, 13, 6, 6, 7, 13, 7], [19, 11, 11, 13, 19, 17, 7, 3, 1, 10], [11, 15, 8, 18, 13, 12, 15, 2, 3, 12], [8, 20, 10, 9, 4, 7, 17, 19, 7, 3], [10, 10, 1, 2, 7, 1, 13, 14, 7, 14], [6, 1, 4, 9, 3, 4, 6, 14, 11, 5], [14, 17, 8, 4, 13, 16, 3, 13, 19, 8], [20, 3, 10, 17, 4, 5, 13, 12, 6, 15], [1, 7, 13, 1, 16, 8, 15, 13, 6, 10], [2, 9, 19, 16, 6, 4, 14, 13, 4, 18]]
matriz2:  [[20, 11, 3, 19, 11, 7, 11, 18, 3, 6], [4, 14, 19, 1, 8, 4, 13, 3, 19, 3], [12, 4, 8, 20, 11, 1, 19, 14, 7, 6], [15, 17, 16, 5, 11, 1, 17, 20, 8, 5], [8, 3, 8, 1, 10, 16, 18, 6, 3, 1], [15, 11, 19, 3, 7, 4, 19, 10, 19, 4], [1, 5, 9, 18, 5, 5, 17, 7, 17, 12], [9, 1, 1, 1, 5, 17, 2, 17, 4, 8], [3, 17, 6, 4, 1, 10, 16, 16, 2, 20], [2, 15, 2, 18, 18, 10, 10, 8, 8, 16]]
Matriz multiplicada:  [[1030, 1169, 971, 808, 898, 785, 1445, 1318, 820, 786], [1215, 1077, 1129, 1040, 1101, 769, 1688, 1269, 1040, 653], [996, 1148, 1181, 1023, 1045, 678, 1663, 1196, 1150, 758], [847, 918, 1013, 849, 787, 755, 1365, 1196, 1094, 789], [541, 728, 536, 768, 694, 742, 939, 869, 686, 749], [566, 608, 457, 511, 476, 551, 794, 901, 442, 611], [1041, 1178, 1071, 811, 907, 956, 1594, 1343, 1001, 928], [1063, 1062, 791, 1227, 1017, 742, 1396, 1434, 831, 910], [637, 654, 740, 818, 763, 793, 1283, 919, 834, 722], [831, 979, 908, 1130, 1030, 708, 1464, 1252, 974, 895]]
760
matriz1:  [[19, 13, 1, 18, 13, 6, 6, 7, 13, 7], [19, 11, 11, 13, 19, 17, 7, 3, 1, 10], [11, 15, 8, 18, 13, 12, 15, 2, 3, 12], [8, 20, 10, 9, 4, 7, 17, 19, 7, 3], [10, 10, 1, 2, 7, 1, 13, 14, 7, 14], [6, 1, 4, 9, 3, 4, 6, 14, 11, 5], [14, 17, 8, 4, 13, 16, 3, 13, 19, 8], [20, 3, 10, 17, 4, 5, 13, 12, 6, 15], [1, 7, 13, 1, 16, 8, 15, 13, 6, 10], [2, 9, 19, 16, 6, 4, 14, 13, 4, 18]]
matriz2:  [[20, 11, 3, 19, 11, 7, 11, 18, 3, 6], [4, 14, 19, 1, 8, 4, 13, 3, 19, 3], [12, 4, 8, 20, 11, 1, 19, 14, 7, 6], [15, 17, 16, 5, 11, 1, 17, 20, 8, 5], [8, 3, 8, 1, 10, 16, 18, 6, 3, 1], [15, 11, 19, 3, 7, 4, 19, 10, 19, 4], [1, 5, 9, 18, 5, 5, 17, 7, 17, 12], [9, 1, 1, 1, 5, 17, 2, 17, 4, 8], [3, 17, 6, 4, 1, 10, 16, 16, 2, 20], [2, 15, 2, 18, 18, 10, 10, 8, 8, 16]]
Matriz multiplicada:  [[1030, 1169, 971, 808, 898, 785, 1445, 1318, 820, 786], [1215, 1077, 1129, 1040, 1101, 769, 1688, 1269, 1040, 653], [996, 1148, 1181, 1023, 1045, 678, 1663, 1196, 1150, 758], [847, 918, 1013, 849, 787, 755, 1365, 1196, 1094, 789], [541, 728, 536, 768, 694, 742, 939, 869, 686, 749], [566, 608, 457, 511, 476, 551, 794, 901, 442, 611], [1041, 1178, 1071, 811, 907, 956, 1594, 1343, 1001, 928], [1063, 1062, 791, 1227, 1017, 742, 1396, 1434, 831, 910], [637, 654, 740, 818, 763, 793, 1283, 919, 834, 722], [831, 979, 908, 1130, 1030, 708, 1464, 1252, 974, 895]]
760
matriz1:  [[19, 13, 1, 18, 13, 6, 6, 7, 13, 7], [19, 11, 11, 13, 19, 17, 7, 3, 1, 10], [11, 15, 8, 18, 13, 12, 15, 2, 3, 12], [8, 20, 10, 9, 4, 7, 17, 19, 7, 3], [10, 10, 1, 2, 7, 1, 13, 14, 7, 14], [6, 1, 4, 9, 3, 4, 6, 14, 11, 5], [14, 17, 8, 4, 13, 16, 3, 13, 19, 8], [20, 3, 10, 17, 4, 5, 13, 12, 6, 15], [1, 7, 13, 1, 16, 8, 15, 13, 6, 10], [2, 9, 19, 16, 6, 4, 14, 13, 4, 18]]
matriz2:  [[20, 11, 3, 19, 11, 7, 11, 18, 3, 6], [4, 14, 19, 1, 8, 4, 13, 3, 19, 3], [12, 4, 8, 20, 11, 1, 19, 14, 7, 6], [15, 17, 16, 5, 11, 1, 17, 20, 8, 5], [8, 3, 8, 1, 10, 16, 18, 6, 3, 1], [15, 11, 19, 3, 7, 4, 19, 10, 19, 4], [1, 5, 9, 18, 5, 5, 17, 7, 17, 12], [9, 1, 1, 1, 5, 17, 2, 17, 4, 8], [3, 17, 6, 4, 1, 10, 16, 16, 2, 20], [2, 15, 2, 18, 18, 10, 10, 8, 8, 16]]
Matriz multiplicada:  [[1030, 1169, 971, 808, 898, 785, 1445, 1318, 820, 786], [1215, 1077, 1129, 1040, 1101, 769, 1688, 1269, 1040, 653], [996, 1148, 1181, 1023, 1045, 678, 1663, 1196, 1150, 758], [847, 918, 1013, 849, 787, 755, 1365, 1196, 1094, 789], [541, 728, 536, 768, 694, 742, 939, 869, 686, 749], [566, 608, 457, 511, 476, 551, 794, 901, 442, 611], [1041, 1178, 1071, 811, 907, 956, 1594, 1343, 1001, 928], [1063, 1062, 791, 1227, 1017, 742, 1396, 1434, 831, 910], [637, 654, 740, 818, 763, 793, 1283, 919, 834, 722], [831, 979, 908, 1130, 1030, 708, 1464, 1252, 974, 895]]
760
matriz1:  [[19, 13, 1, 18, 13, 6, 6, 7, 13, 7], [19, 11, 11, 13, 19, 17, 7, 3, 1, 10], [11, 15, 8, 18, 13, 12, 15, 2, 3, 12], [8, 20, 10, 9, 4, 7, 17, 19, 7, 3], [10, 10, 1, 2, 7, 1, 13, 14, 7, 14], [6, 1, 4, 9, 3, 4, 6, 14, 11, 5], [14, 17, 8, 4, 13, 16, 3, 13, 19, 8], [20, 3, 10, 17, 4, 5, 13, 12, 6, 15], [1, 7, 13, 1, 16, 8, 15, 13, 6, 10], [2, 9, 19, 16, 6, 4, 14, 13, 4, 18]]
matriz2:  [[20, 11, 3, 19, 11, 7, 11, 18, 3, 6], [4, 14, 19, 1, 8, 4, 13, 3, 19, 3], [12, 4, 8, 20, 11, 1, 19, 14, 7, 6], [15, 17, 16, 5, 11, 1, 17, 20, 8, 5], [8, 3, 8, 1, 10, 16, 18, 6, 3, 1], [15, 11, 19, 3, 7, 4, 19, 10, 19, 4], [1, 5, 9, 18, 5, 5, 17, 7, 17, 12], [9, 1, 1, 1, 5, 17, 2, 17, 4, 8], [3, 17, 6, 4, 1, 10, 16, 16, 2, 20], [2, 15, 2, 18, 18, 10, 10, 8, 8, 16]]
Matriz multiplicada:  [[1030, 1169, 971, 808, 898, 785, 1445, 1318, 820, 786], [1215, 1077, 1129, 1040, 1101, 769, 1688, 1269, 1040, 653], [996, 1148, 1181, 1023, 1045, 678, 1663, 1196, 1150, 758], [847, 918, 1013, 849, 787, 755, 1365, 1196, 1094, 789], [541, 728, 536, 768, 694, 742, 939, 869, 686, 749], [566, 608, 457, 511, 476, 551, 794, 901, 442, 611], [1041, 1178, 1071, 811, 907, 956, 1594, 1343, 1001, 928], [1063, 1062, 791, 1227, 1017, 742, 1396, 1434, 831, 910], [637, 654, 740, 818, 763, 793, 1283, 919, 834, 722], [831, 979, 908, 1130, 1030, 708, 1464, 1252, 974, 895]]
760
matriz1:  [[19, 13, 1, 18, 13, 6, 6, 7, 13, 7], [19, 11, 11, 13, 19, 17, 7, 3, 1, 10], [11, 15, 8, 18, 13, 12, 15, 2, 3, 12], [8, 20, 10, 9, 4, 7, 17, 19, 7, 3], [10, 10, 1, 2, 7, 1, 13, 14, 7, 14], [6, 1, 4, 9, 3, 4, 6, 14, 11, 5], [14, 17, 8, 4, 13, 16, 3, 13, 19, 8], [20, 3, 10, 17, 4, 5, 13, 12, 6, 15], [1, 7, 13, 1, 16, 8, 15, 13, 6, 10], [2, 9, 19, 16, 6, 4, 14, 13, 4, 18]]
matriz2:  [[20, 11, 3, 19, 11, 7, 11, 18, 3, 6], [4, 14, 19, 1, 8, 4, 13, 3, 19, 3], [12, 4, 8, 20, 11, 1, 19, 14, 7, 6], [15, 17, 16, 5, 11, 1, 17, 20, 8, 5], [8, 3, 8, 1, 10, 16, 18, 6, 3, 1], [15, 11, 19, 3, 7, 4, 19, 10, 19, 4], [1, 5, 9, 18, 5, 5, 17, 7, 17, 12], [9, 1, 1, 1, 5, 17, 2, 17, 4, 8], [3, 17, 6, 4, 1, 10, 16, 16, 2, 20], [2, 15, 2, 18, 18, 10, 10, 8, 8, 16]]
Matriz multiplicada:  [[1030, 1169, 971, 808, 898, 785, 1445, 1318, 820, 786], [1215, 1077, 1129, 1040, 1101, 769, 1688, 1269, 1040, 653], [996, 1148, 1181, 1023, 1045, 678, 1663, 1196, 1150, 758], [847, 918, 1013, 849, 787, 755, 1365, 1196, 1094, 789], [541, 728, 536, 768, 694, 742, 939, 869, 686, 749], [566, 608, 457, 511, 476, 551, 794, 901, 442, 611], [1041, 1178, 1071, 811, 907, 956, 1594, 1343, 1001, 928], [1063, 1062, 791, 1227, 1017, 742, 1396, 1434, 831, 910], [637, 654, 740, 818, 763, 793, 1283, 919, 834, 722], [831, 979, 908, 1130, 1030, 708, 1464, 1252, 974, 895]]
760
matriz1:  [[19, 13, 1, 18, 13, 6, 6, 7, 13, 7], [19, 11, 11, 13, 19, 17, 7, 3, 1, 10], [11, 15, 8, 18, 13, 12, 15, 2, 3, 12], [8, 20, 10, 9, 4, 7, 17, 19, 7, 3], [10, 10, 1, 2, 7, 1, 13, 14, 7, 14], [6, 1, 4, 9, 3, 4, 6, 14, 11, 5], [14, 17, 8, 4, 13, 16, 3, 13, 19, 8], [20, 3, 10, 17, 4, 5, 13, 12, 6, 15], [1, 7, 13, 1, 16, 8, 15, 13, 6, 10], [2, 9, 19, 16, 6, 4, 14, 13, 4, 18]]
matriz2:  [[20, 11, 3, 19, 11, 7, 11, 18, 3, 6], [4, 14, 19, 1, 8, 4, 13, 3, 19, 3], [12, 4, 8, 20, 11, 1, 19, 14, 7, 6], [15, 17, 16, 5, 11, 1, 17, 20, 8, 5], [8, 3, 8, 1, 10, 16, 18, 6, 3, 1], [15, 11, 19, 3, 7, 4, 19, 10, 19, 4], [1, 5, 9, 18, 5, 5, 17, 7, 17, 12], [9, 1, 1, 1, 5, 17, 2, 17, 4, 8], [3, 17, 6, 4, 1, 10, 16, 16, 2, 20], [2, 15, 2, 18, 18, 10, 10, 8, 8, 16]]
Matriz multiplicada:  [[1030, 1169, 971, 808, 898, 785, 1445, 1318, 820, 786], [1215, 1077, 1129, 1040, 1101, 769, 1688, 1269, 1040, 653], [996, 1148, 1181, 1023, 1045, 678, 1663, 1196, 1150, 758], [847, 918, 1013, 849, 787, 755, 1365, 1196, 1094, 789], [541, 728, 536, 768, 694, 742, 939, 869, 686, 749], [566, 608, 457, 511, 476, 551, 794, 901, 442, 611], [1041, 1178, 1071, 811, 907, 956, 1594, 1343, 1001, 928], [1063, 1062, 791, 1227, 1017, 742, 1396, 1434, 831, 910], [637, 654, 740, 818, 763, 793, 1283, 919, 834, 722], [831, 979, 908, 1130, 1030, 708, 1464, 1252, 974, 895]]
760
matriz1:  [[19, 13, 1, 18, 13, 6, 6, 7, 13, 7], [19, 11, 11, 13, 19, 17, 7, 3, 1, 10], [11, 15, 8, 18, 13, 12, 15, 2, 3, 12], [8, 20, 10, 9, 4, 7, 17, 19, 7, 3], [10, 10, 1, 2, 7, 1, 13, 14, 7, 14], [6, 1, 4, 9, 3, 4, 6, 14, 11, 5], [14, 17, 8, 4, 13, 16, 3, 13, 19, 8], [20, 3, 10, 17, 4, 5, 13, 12, 6, 15], [1, 7, 13, 1, 16, 8, 15, 13, 6, 10], [2, 9, 19, 16, 6, 4, 14, 13, 4, 18]]
matriz2:  [[20, 11, 3, 19, 11, 7, 11, 18, 3, 6], [4, 14, 19, 1, 8, 4, 13, 3, 19, 3], [12, 4, 8, 20, 11, 1, 19, 14, 7, 6], [15, 17, 16, 5, 11, 1, 17, 20, 8, 5], [8, 3, 8, 1, 10, 16, 18, 6, 3, 1], [15, 11, 19, 3, 7, 4, 19, 10, 19, 4], [1, 5, 9, 18, 5, 5, 17, 7, 17, 12], [9, 1, 1, 1, 5, 17, 2, 17, 4, 8], [3, 17, 6, 4, 1, 10, 16, 16, 2, 20], [2, 15, 2, 18, 18, 10, 10, 8, 8, 16]]
Matriz multiplicada:  [[1030, 1169, 971, 808, 898, 785, 1445, 1318, 820, 786], [1215, 1077, 1129, 1040, 1101, 769, 1688, 1269, 1040, 653], [996, 1148, 1181, 1023, 1045, 678, 1663, 1196, 1150, 758], [847, 918, 1013, 849, 787, 755, 1365, 1196, 1094, 789], [541, 728, 536, 768, 694, 742, 939, 869, 686, 749], [566, 608, 457, 511, 476, 551, 794, 901, 442, 611], [1041, 1178, 1071, 811, 907, 956, 1594, 1343, 1001, 928], [1063, 1062, 791, 1227, 1017, 742, 1396, 1434, 831, 910], [637, 654, 740, 818, 763, 793, 1283, 919, 834, 722], [831, 979, 908, 1130, 1030, 708, 1464, 1252, 974, 895]]
760
matriz1:  [[19, 13, 1, 18, 13, 6, 6, 7, 13, 7], [19, 11, 11, 13, 19, 17, 7, 3, 1, 10], [11, 15, 8, 18, 13, 12, 15, 2, 3, 12], [8, 20, 10, 9, 4, 7, 17, 19, 7, 3], [10, 10, 1, 2, 7, 1, 13, 14, 7, 14], [6, 1, 4, 9, 3, 4, 6, 14, 11, 5], [14, 17, 8, 4, 13, 16, 3, 13, 19, 8], [20, 3, 10, 17, 4, 5, 13, 12, 6, 15], [1, 7, 13, 1, 16, 8, 15, 13, 6, 10], [2, 9, 19, 16, 6, 4, 14, 13, 4, 18]]
matriz2:  [[20, 11, 3, 19, 11, 7, 11, 18, 3, 6], [4, 14, 19, 1, 8, 4, 13, 3, 19, 3], [12, 4, 8, 20, 11, 1, 19, 14, 7, 6], [15, 17, 16, 5, 11, 1, 17, 20, 8, 5], [8, 3, 8, 1, 10, 16, 18, 6, 3, 1], [15, 11, 19, 3, 7, 4, 19, 10, 19, 4], [1, 5, 9, 18, 5, 5, 17, 7, 17, 12], [9, 1, 1, 1, 5, 17, 2, 17, 4, 8], [3, 17, 6, 4, 1, 10, 16, 16, 2, 20], [2, 15, 2, 18, 18, 10, 10, 8, 8, 16]]
Matriz multiplicada:  [[1030, 1169, 971, 808, 898, 785, 1445, 1318, 820, 786], [1215, 1077, 1129, 1040, 1101, 769, 1688, 1269, 1040, 653], [996, 1148, 1181, 1023, 1045, 678, 1663, 1196, 1150, 758], [847, 918, 1013, 849, 787, 755, 1365, 1196, 1094, 789], [541, 728, 536, 768, 694, 742, 939, 869, 686, 749], [566, 608, 457, 511, 476, 551, 794, 901, 442, 611], [1041, 1178, 1071, 811, 907, 956, 1594, 1343, 1001, 928], [1063, 1062, 791, 1227, 1017, 742, 1396, 1434, 831, 910], [637, 654, 740, 818, 763, 793, 1283, 919, 834, 722], [831, 979, 908, 1130, 1030, 708, 1464, 1252, 974, 895]]
760
matriz1:  [[19, 13, 1, 18, 13, 6, 6, 7, 13, 7], [19, 11, 11, 13, 19, 17, 7, 3, 1, 10], [11, 15, 8, 18, 13, 12, 15, 2, 3, 12], [8, 20, 10, 9, 4, 7, 17, 19, 7, 3], [10, 10, 1, 2, 7, 1, 13, 14, 7, 14], [6, 1, 4, 9, 3, 4, 6, 14, 11, 5], [14, 17, 8, 4, 13, 16, 3, 13, 19, 8], [20, 3, 10, 17, 4, 5, 13, 12, 6, 15], [1, 7, 13, 1, 16, 8, 15, 13, 6, 10], [2, 9, 19, 16, 6, 4, 14, 13, 4, 18]]
matriz2:  [[20, 11, 3, 19, 11, 7, 11, 18, 3, 6], [4, 14, 19, 1, 8, 4, 13, 3, 19, 3], [12, 4, 8, 20, 11, 1, 19, 14, 7, 6], [15, 17, 16, 5, 11, 1, 17, 20, 8, 5], [8, 3, 8, 1, 10, 16, 18, 6, 3, 1], [15, 11, 19, 3, 7, 4, 19, 10, 19, 4], [1, 5, 9, 18, 5, 5, 17, 7, 17, 12], [9, 1, 1, 1, 5, 17, 2, 17, 4, 8], [3, 17, 6, 4, 1, 10, 16, 16, 2, 20], [2, 15, 2, 18, 18, 10, 10, 8, 8, 16]]
Matriz multiplicada:  [[1030, 1169, 971, 808, 898, 785, 1445, 1318, 820, 786], [1215, 1077, 1129, 1040, 1101, 769, 1688, 1269, 1040, 653], [996, 1148, 1181, 1023, 1045, 678, 1663, 1196, 1150, 758], [847, 918, 1013, 849, 787, 755, 1365, 1196, 1094, 789], [541, 728, 536, 768, 694, 742, 939, 869, 686, 749], [566, 608, 457, 511, 476, 551, 794, 901, 442, 611], [1041, 1178, 1071, 811, 907, 956, 1594, 1343, 1001, 928], [1063, 1062, 791, 1227, 1017, 742, 1396, 1434, 831, 910], [637, 654, 740, 818, 763, 793, 1283, 919, 834, 722], [831, 979, 908, 1130, 1030, 708, 1464, 1252, 974, 895]]
760
matriz1:  [[19, 13, 1, 18, 13, 6, 6, 7, 13, 7], [19, 11, 11, 13, 19, 17, 7, 3, 1, 10], [11, 15, 8, 18, 13, 12, 15, 2, 3, 12], [8, 20, 10, 9, 4, 7, 17, 19, 7, 3], [10, 10, 1, 2, 7, 1, 13, 14, 7, 14], [6, 1, 4, 9, 3, 4, 6, 14, 11, 5], [14, 17, 8, 4, 13, 16, 3, 13, 19, 8], [20, 3, 10, 17, 4, 5, 13, 12, 6, 15], [1, 7, 13, 1, 16, 8, 15, 13, 6, 10], [2, 9, 19, 16, 6, 4, 14, 13, 4, 18]]
matriz2:  [[20, 11, 3, 19, 11, 7, 11, 18, 3, 6], [4, 14, 19, 1, 8, 4, 13, 3, 19, 3], [12, 4, 8, 20, 11, 1, 19, 14, 7, 6], [15, 17, 16, 5, 11, 1, 17, 20, 8, 5], [8, 3, 8, 1, 10, 16, 18, 6, 3, 1], [15, 11, 19, 3, 7, 4, 19, 10, 19, 4], [1, 5, 9, 18, 5, 5, 17, 7, 17, 12], [9, 1, 1, 1, 5, 17, 2, 17, 4, 8], [3, 17, 6, 4, 1, 10, 16, 16, 2, 20], [2, 15, 2, 18, 18, 10, 10, 8, 8, 16]]
Matriz multiplicada:  [[1030, 1169, 971, 808, 898, 785, 1445, 1318, 820, 786], [1215, 1077, 1129, 1040, 1101, 769, 1688, 1269, 1040, 653], [996, 1148, 1181, 1023, 1045, 678, 1663, 1196, 1150, 758], [847, 918, 1013, 849, 787, 755, 1365, 1196, 1094, 789], [541, 728, 536, 768, 694, 742, 939, 869, 686, 749], [566, 608, 457, 511, 476, 551, 794, 901, 442, 611], [1041, 1178, 1071, 811, 907, 956, 1594, 1343, 1001, 928], [1063, 1062, 791, 1227, 1017, 742, 1396, 1434, 831, 910], [637, 654, 740, 818, 763, 793, 1283, 919, 834, 722], [831, 979, 908, 1130, 1030, 708, 1464, 1252, 974, 895]]
760
matriz1:  [[19, 13, 1, 18, 13, 6, 6, 7, 13, 7], [19, 11, 11, 13, 19, 17, 7, 3, 1, 10], [11, 15, 8, 18, 13, 12, 15, 2, 3, 12], [8, 20, 10, 9, 4, 7, 17, 19, 7, 3], [10, 10, 1, 2, 7, 1, 13, 14, 7, 14], [6, 1, 4, 9, 3, 4, 6, 14, 11, 5], [14, 17, 8, 4, 13, 16, 3, 13, 19, 8], [20, 3, 10, 17, 4, 5, 13, 12, 6, 15], [1, 7, 13, 1, 16, 8, 15, 13, 6, 10], [2, 9, 19, 16, 6, 4, 14, 13, 4, 18]]
matriz2:  [[20, 11, 3, 19, 11, 7, 11, 18, 3, 6], [4, 14, 19, 1, 8, 4, 13, 3, 19, 3], [12, 4, 8, 20, 11, 1, 19, 14, 7, 6], [15, 17, 16, 5, 11, 1, 17, 20, 8, 5], [8, 3, 8, 1, 10, 16, 18, 6, 3, 1], [15, 11, 19, 3, 7, 4, 19, 10, 19, 4], [1, 5, 9, 18, 5, 5, 17, 7, 17, 12], [9, 1, 1, 1, 5, 17, 2, 17, 4, 8], [3, 17, 6, 4, 1, 10, 16, 16, 2, 20], [2, 15, 2, 18, 18, 10, 10, 8, 8, 16]]
Matriz multiplicada:  [[1030, 1169, 971, 808, 898, 785, 1445, 1318, 820, 786], [1215, 1077, 1129, 1040, 1101, 769, 1688, 1269, 1040, 653], [996, 1148, 1181, 1023, 1045, 678, 1663, 1196, 1150, 758], [847, 918, 1013, 849, 787, 755, 1365, 1196, 1094, 789], [541, 728, 536, 768, 694, 742, 939, 869, 686, 749], [566, 608, 457, 511, 476, 551, 794, 901, 442, 611], [1041, 1178, 1071, 811, 907, 956, 1594, 1343, 1001, 928], [1063, 1062, 791, 1227, 1017, 742, 1396, 1434, 831, 910], [637, 654, 740, 818, 763, 793, 1283, 919, 834, 722], [831, 979, 908, 1130, 1030, 708, 1464, 1252, 974, 895]]
760
matriz1:  [[19, 13, 1, 18, 13, 6, 6, 7, 13, 7], [19, 11, 11, 13, 19, 17, 7, 3, 1, 10], [11, 15, 8, 18, 13, 12, 15, 2, 3, 12], [8, 20, 10, 9, 4, 7, 17, 19, 7, 3], [10, 10, 1, 2, 7, 1, 13, 14, 7, 14], [6, 1, 4, 9, 3, 4, 6, 14, 11, 5], [14, 17, 8, 4, 13, 16, 3, 13, 19, 8], [20, 3, 10, 17, 4, 5, 13, 12, 6, 15], [1, 7, 13, 1, 16, 8, 15, 13, 6, 10], [2, 9, 19, 16, 6, 4, 14, 13, 4, 18]]
matriz2:  [[20, 11, 3, 19, 11, 7, 11, 18, 3, 6], [4, 14, 19, 1, 8, 4, 13, 3, 19, 3], [12, 4, 8, 20, 11, 1, 19, 14, 7, 6], [15, 17, 16, 5, 11, 1, 17, 20, 8, 5], [8, 3, 8, 1, 10, 16, 18, 6, 3, 1], [15, 11, 19, 3, 7, 4, 19, 10, 19, 4], [1, 5, 9, 18, 5, 5, 17, 7, 17, 12], [9, 1, 1, 1, 5, 17, 2, 17, 4, 8], [3, 17, 6, 4, 1, 10, 16, 16, 2, 20], [2, 15, 2, 18, 18, 10, 10, 8, 8, 16]]
Matriz multiplicada:  [[1030, 1169, 971, 808, 898, 785, 1445, 1318, 820, 786], [1215, 1077, 1129, 1040, 1101, 769, 1688, 1269, 1040, 653], [996, 1148, 1181, 1023, 1045, 678, 1663, 1196, 1150, 758], [847, 918, 1013, 849, 787, 755, 1365, 1196, 1094, 789], [541, 728, 536, 768, 694, 742, 939, 869, 686, 749], [566, 608, 457, 511, 476, 551, 794, 901, 442, 611], [1041, 1178, 1071, 811, 907, 956, 1594, 1343, 1001, 928], [1063, 1062, 791, 1227, 1017, 742, 1396, 1434, 831, 910], [637, 654, 740, 818, 763, 793, 1283, 919, 834, 722], [831, 979, 908, 1130, 1030, 708, 1464, 1252, 974, 895]]
760
matriz1:  [[19, 13, 1, 18, 13, 6, 6, 7, 13, 7], [19, 11, 11, 13, 19, 17, 7, 3, 1, 10], [11, 15, 8, 18, 13, 12, 15, 2, 3, 12], [8, 20, 10, 9, 4, 7, 17, 19, 7, 3], [10, 10, 1, 2, 7, 1, 13, 14, 7, 14], [6, 1, 4, 9, 3, 4, 6, 14, 11, 5], [14, 17, 8, 4, 13, 16, 3, 13, 19, 8], [20, 3, 10, 17, 4, 5, 13, 12, 6, 15], [1, 7, 13, 1, 16, 8, 15, 13, 6, 10], [2, 9, 19, 16, 6, 4, 14, 13, 4, 18]]
matriz2:  [[20, 11, 3, 19, 11, 7, 11, 18, 3, 6], [4, 14, 19, 1, 8, 4, 13, 3, 19, 3], [12, 4, 8, 20, 11, 1, 19, 14, 7, 6], [15, 17, 16, 5, 11, 1, 17, 20, 8, 5], [8, 3, 8, 1, 10, 16, 18, 6, 3, 1], [15, 11, 19, 3, 7, 4, 19, 10, 19, 4], [1, 5, 9, 18, 5, 5, 17, 7, 17, 12], [9, 1, 1, 1, 5, 17, 2, 17, 4, 8], [3, 17, 6, 4, 1, 10, 16, 16, 2, 20], [2, 15, 2, 18, 18, 10, 10, 8, 8, 16]]
Matriz multiplicada:  [[1030, 1169, 971, 808, 898, 785, 1445, 1318, 820, 786], [1215, 1077, 1129, 1040, 1101, 769, 1688, 1269, 1040, 653], [996, 1148, 1181, 1023, 1045, 678, 1663, 1196, 1150, 758], [847, 918, 1013, 849, 787, 755, 1365, 1196, 1094, 789], [541, 728, 536, 768, 694, 742, 939, 869, 686, 749], [566, 608, 457, 511, 476, 551, 794, 901, 442, 611], [1041, 1178, 1071, 811, 907, 956, 1594, 1343, 1001, 928], [1063, 1062, 791, 1227, 1017, 742, 1396, 1434, 831, 910], [637, 654, 740, 818, 763, 793, 1283, 919, 834, 722], [831, 979, 908, 1130, 1030, 708, 1464, 1252, 974, 895]]
760
matriz1:  [[19, 13, 1, 18, 13, 6, 6, 7, 13, 7], [19, 11, 11, 13, 19, 17, 7, 3, 1, 10], [11, 15, 8, 18, 13, 12, 15, 2, 3, 12], [8, 20, 10, 9, 4, 7, 17, 19, 7, 3], [10, 10, 1, 2, 7, 1, 13, 14, 7, 14], [6, 1, 4, 9, 3, 4, 6, 14, 11, 5], [14, 17, 8, 4, 13, 16, 3, 13, 19, 8], [20, 3, 10, 17, 4, 5, 13, 12, 6, 15], [1, 7, 13, 1, 16, 8, 15, 13, 6, 10], [2, 9, 19, 16, 6, 4, 14, 13, 4, 18]]
matriz2:  [[20, 11, 3, 19, 11, 7, 11, 18, 3, 6], [4, 14, 19, 1, 8, 4, 13, 3, 19, 3], [12, 4, 8, 20, 11, 1, 19, 14, 7, 6], [15, 17, 16, 5, 11, 1, 17, 20, 8, 5], [8, 3, 8, 1, 10, 16, 18, 6, 3, 1], [15, 11, 19, 3, 7, 4, 19, 10, 19, 4], [1, 5, 9, 18, 5, 5, 17, 7, 17, 12], [9, 1, 1, 1, 5, 17, 2, 17, 4, 8], [3, 17, 6, 4, 1, 10, 16, 16, 2, 20], [2, 15, 2, 18, 18, 10, 10, 8, 8, 16]]
Matriz multiplicada:  [[1030, 1169, 971, 808, 898, 785, 1445, 1318, 820, 786], [1215, 1077, 1129, 1040, 1101, 769, 1688, 1269, 1040, 653], [996, 1148, 1181, 1023, 1045, 678, 1663, 1196, 1150, 758], [847, 918, 1013, 849, 787, 755, 1365, 1196, 1094, 789], [541, 728, 536, 768, 694, 742, 939, 869, 686, 749], [566, 608, 457, 511, 476, 551, 794, 901, 442, 611], [1041, 1178, 1071, 811, 907, 956, 1594, 1343, 1001, 928], [1063, 1062, 791, 1227, 1017, 742, 1396, 1434, 831, 910], [637, 654, 740, 818, 763, 793, 1283, 919, 834, 722], [831, 979, 908, 1130, 1030, 708, 1464, 1252, 974, 895]]
760
matriz1:  [[19, 13, 1, 18, 13, 6, 6, 7, 13, 7], [19, 11, 11, 13, 19, 17, 7, 3, 1, 10], [11, 15, 8, 18, 13, 12, 15, 2, 3, 12], [8, 20, 10, 9, 4, 7, 17, 19, 7, 3], [10, 10, 1, 2, 7, 1, 13, 14, 7, 14], [6, 1, 4, 9, 3, 4, 6, 14, 11, 5], [14, 17, 8, 4, 13, 16, 3, 13, 19, 8], [20, 3, 10, 17, 4, 5, 13, 12, 6, 15], [1, 7, 13, 1, 16, 8, 15, 13, 6, 10], [2, 9, 19, 16, 6, 4, 14, 13, 4, 18]]
matriz2:  [[20, 11, 3, 19, 11, 7, 11, 18, 3, 6], [4, 14, 19, 1, 8, 4, 13, 3, 19, 3], [12, 4, 8, 20, 11, 1, 19, 14, 7, 6], [15, 17, 16, 5, 11, 1, 17, 20, 8, 5], [8, 3, 8, 1, 10, 16, 18, 6, 3, 1], [15, 11, 19, 3, 7, 4, 19, 10, 19, 4], [1, 5, 9, 18, 5, 5, 17, 7, 17, 12], [9, 1, 1, 1, 5, 17, 2, 17, 4, 8], [3, 17, 6, 4, 1, 10, 16, 16, 2, 20], [2, 15, 2, 18, 18, 10, 10, 8, 8, 16]]
Matriz multiplicada:  [[1030, 1169, 971, 808, 898, 785, 1445, 1318, 820, 786], [1215, 1077, 1129, 1040, 1101, 769, 1688, 1269, 1040, 653], [996, 1148, 1181, 1023, 1045, 678, 1663, 1196, 1150, 758], [847, 918, 1013, 849, 787, 755, 1365, 1196, 1094, 789], [541, 728, 536, 768, 694, 742, 939, 869, 686, 749], [566, 608, 457, 511, 476, 551, 794, 901, 442, 611], [1041, 1178, 1071, 811, 907, 956, 1594, 1343, 1001, 928], [1063, 1062, 791, 1227, 1017, 742, 1396, 1434, 831, 910], [637, 654, 740, 818, 763, 793, 1283, 919, 834, 722], [831, 979, 908, 1130, 1030, 708, 1464, 1252, 974, 895]]
760
matriz1:  [[19, 13, 1, 18, 13, 6, 6, 7, 13, 7], [19, 11, 11, 13, 19, 17, 7, 3, 1, 10], [11, 15, 8, 18, 13, 12, 15, 2, 3, 12], [8, 20, 10, 9, 4, 7, 17, 19, 7, 3], [10, 10, 1, 2, 7, 1, 13, 14, 7, 14], [6, 1, 4, 9, 3, 4, 6, 14, 11, 5], [14, 17, 8, 4, 13, 16, 3, 13, 19, 8], [20, 3, 10, 17, 4, 5, 13, 12, 6, 15], [1, 7, 13, 1, 16, 8, 15, 13, 6, 10], [2, 9, 19, 16, 6, 4, 14, 13, 4, 18]]
matriz2:  [[20, 11, 3, 19, 11, 7, 11, 18, 3, 6], [4, 14, 19, 1, 8, 4, 13, 3, 19, 3], [12, 4, 8, 20, 11, 1, 19, 14, 7, 6], [15, 17, 16, 5, 11, 1, 17, 20, 8, 5], [8, 3, 8, 1, 10, 16, 18, 6, 3, 1], [15, 11, 19, 3, 7, 4, 19, 10, 19, 4], [1, 5, 9, 18, 5, 5, 17, 7, 17, 12], [9, 1, 1, 1, 5, 17, 2, 17, 4, 8], [3, 17, 6, 4, 1, 10, 16, 16, 2, 20], [2, 15, 2, 18, 18, 10, 10, 8, 8, 16]]
Matriz multiplicada:  [[1030, 1169, 971, 808, 898, 785, 1445, 1318, 820, 786], [1215, 1077, 1129, 1040, 1101, 769, 1688, 1269, 1040, 653], [996, 1148, 1181, 1023, 1045, 678, 1663, 1196, 1150, 758], [847, 918, 1013, 849, 787, 755, 1365, 1196, 1094, 789], [541, 728, 536, 768, 694, 742, 939, 869, 686, 749], [566, 608, 457, 511, 476, 551, 794, 901, 442, 611], [1041, 1178, 1071, 811, 907, 956, 1594, 1343, 1001, 928], [1063, 1062, 791, 1227, 1017, 742, 1396, 1434, 831, 910], [637, 654, 740, 818, 763, 793, 1283, 919, 834, 722], [831, 979, 908, 1130, 1030, 708, 1464, 1252, 974, 895]]
760
matriz1:  